[INFO] CAL DATA
\x021650203 240725  23850000099593556003404419  4E69Y03160445        \x03:

[INFO] GLOW CURVE
\x02G0588P00165731144322 0 0 0 0 0 0 0 0 0 0 0 0 0 0 0 0 1 0 0 0 0 0 1 0 4 0 3 3 2 3 3 7 4 2 3 3 3 2 2 0 2 2 2 2 2 1 1 0 2 0 1 0 2 0 2 0 2 1 3 2 3 4 7 8 12 16 26 35 34 49 54 82 93 105 103 126 119 115 124 97 103 79 52 52 37 22 19 15 15 13 9 7 7 6 3 4 2 3 4 2 3 4 4 2 1 2 1 2 0 4 4 4 1 4 3 4 5 4 5 4 7 7 6 10 7 12 8 13 11 12 14 15 17 12 15 15 18 11 15 12 15 12 18 11 11 11 12 8 4 5 8 8 5 4 3 4 4 3 4 3 2 3 2 3 3 3 0 2 1 1 1 0 1 2 1 1 0 0 1 0 1 1 0 1 1 1 0 0 0 0 0 0 0 1 0 0 0 0 0 0 0 0 0 0 0 0 0 0 0 1 0 0 0 0 1 0 0 0 0 0 0 1 0 0 0 0 0 0 0 0 0 0 0 0 0 0 0 0 0 0 0 0 0 0 0 0 0 0 0 0 0 0 0 0 0 0 \x03\x08
\x02G0569P00165732142922 0 0 0 0 0 0 0 0 0 0 0 0 0 0 0 0 0 0 0 0 0 0 1 1 4 0 3 2 2 3 3 3 4 5 2 3 3 3 1 4 5 2 2 4 1 3 2 1 1 2 1 1 3 2 1 2 1 2 2 3 6 5 6 10 14 15 24 31 39 47 61 83 99 103 91 110 100 112 117 83 74 66 58 50 40 39 28 27 17 12 6 6 5 7 3 2 4 3 2 2 2 0 3 2 1 0 1 1 2 2 1 2 3 1 2 1 3 3 3 3 4 2 4 4 5 7 6 4 7 9 6 7 12 9 11 8 9 11 5 10 6 8 6 5 6 5 6 4 4 6 2 4 4 1 4 1 5 1 1 1 0 2 0 1 1 0 0 2 1 1 2 0 0 1 0 0 0 0 1 1 0 0 0 0 0 0 0 0 1 0 0 0 0 0 0 0 0 0 0 0 0 0 0 0 0 0 0 0 0 0 0 0 0 0 0 0 0 0 0 1 0 0 0 0 0 0 0 0 0 0 0 0 0 0 0 0 0 0 0 0 0 0 0 0 0 0 0 0 0 0 0 0 0 0 0 0 \x035
\x02G0809P00165733149122 1 0 0 0 0 0 0 0 0 0 0 0 0 0 1 0 3 3 3 10 18 51 684 8 344 371 379 346 345 288 247 194 193 173 143 140 112 103 91 95 95 74 76 59 53 66 50 42 37 51 45 36 40 49 56 65 83 97 127 146 239 282 406 495 723 901 1132 1364 1679 2070 2330 2582 2916 3239 3455 3731 3941 3862 4031 3989 3842 3822 3652 3450 3228 2987 2669 2311 2042 1754 1505 1297 1163 923 841 734 633 530 461 430 378 287 269 252 256 247 239 242 255 280 304 308 355 361 400 420 456 477 529 533 569 597 608 616 633 648 663 643 649 672 657 620 587 563 510 435 384 354 295 292 248 204 195 160 139 133 104 110 79 85 69 63 49 50 36 36 27 31 24 20 17 12 18 9 8 11 7 4 4 2 4 5 1 2 6 2 4 2 1 1 1 1 1 0 0 1 0 1 0 1 1 0 1 0 0 0 0 0 1 0 0 0 0 0 0 0 0 0 0 0 0 0 0 0 0 0 0 0 0 0 0 0 0 0 0 0 0 0 0 0 0 0 0 0 0 0 0 0 0 0 0 0 0 0 0 0 0 0 0 0 0 0 0 0 0 0 \x037
\x02G0819P00165734157722 0 0 0 0 0 0 0 0 1 0 0 0 0 0 0 1 1 6 7 13 32 56 893 14 413 441 460 437 377 330 283 258 203 192 177 139 135 117 125 106 93 84 82 87 74 73 65 60 35 49 51 46 45 55 61 80 93 122 166 227 272 391 490 640 841 1031 1282 1700 2045 2356 2831 3167 3510 3830 4213 4422 4580 4668 4735 4687 4526 4460 4169 4009 3770 3407 3032 2670 2328 2014 1708 1464 1249 1069 911 841 690 576 524 476 379 346 323 287 279 281 243 273 279 322 312 308 352 389 399 453 496 524 540 612 640 666 696 698 753 728 762 738 807 765 764 764 728 681 617 542 527 459 443 367 312 287 246 216 195 169 154 139 112 106 90 72 65 61 55 45 32 26 22 23 20 19 17 17 11 7 11 6 6 6 7 4 3 2 4 4 3 2 2 2 3 2 1 2 2 0 0 1 0 2 0 0 2 2 0 1 1 0 0 0 0 0 1 0 0 0 0 0 0 0 0 0 0 0 0 0 0 0 1 0 0 0 0 0 0 0 0 0 0 0 0 0 0 0 0 0 0 0 0 0 0 0 0 0 0 0 0 0 0 0 0 0 0 0 0 0 \x03?

[INFO] TLD
\x022590204 01200001657314431429149115770030040995 Y016        \x03W

[INFO] C-STRING
\x02C0165144300001136 0199142900000774 0319149112621156 0382157713431181            \x03m
